34 0
33 4
32 8
31 12
29 16
27 19
24 23
21 26
18 28
14 30
10 32
6 33
2 33
-2 33
-6 33
-10 32
-14 30
-18 28
-21 26
-24 23
-27 19
-29 16
-31 12
-32 8
-33 4
-34 0
-33 -4
-32 -8
-31 -12
-29 -16
-27 -19
-24 -23
-21 -26
-18 -28
-14 -30
-10 -32
-6 -33
-2 -33
2 -33
6 -33
10 -32
14 -30
18 -28
21 -26
24 -23
27 -19
29 -16
31 -12
32 -8
33 -4
34 0


36 46
32 46
28 46
24 46
21 45
17 43
14 40
12 37
10 34
8 30
8 26
8 22
8 18
10 15
12 11
15 8
18 6
21 4
25 3
29 3
33 3
37 4
40 5
43 7
46 10
49 13
50 17
51 21
51 25
51 29
50 33
48 36
46 39
43 42
40 44
36 46


33 0
32 4
31 8
30 12
28 15
26 19
24 22
21 25
17 27
14 29
10 31
6 32
2 32
-2 32
-6 32
-10 31
-14 29
-17 27
-21 25
-24 22
-26 19
-28 15
-30 12
-31 8
-32 4
-33 0
-32 -4
-31 -8
-30 -12
-28 -15
-26 -19
-24 -22
-21 -25
-17 -27
-14 -29
-10 -31
-6 -32
-2 -32
2 -32
6 -32
10 -31
14 -29
17 -27
21 -25
24 -22
26 -19
28 -15
30 -12
31 -8
32 -4
33 0


-22 -6
-25 -5
-28 -5
-31 -5
-35 -5
-38 -6
-40 -7
-43 -9
-46 -10
-48 -13
-50 -15
-52 -18
-53 -21
-54 -24
-54 -27
-54 -30
-54 -33
-54 -36
-53 -39
-51 -42
-50 -44
-47 -47
-45 -49
-43 -51
-40 -52
-37 -53
-34 -54
-31 -54
-28 -54
-24 -54
-21 -53
-19 -52
-16 -50
-13 -49
-11 -46
-9 -44
-7 -41
-6 -38
-5 -35
-5 -32
-5 -29
-5 -26
-5 -23
-6 -20
-8 -17
-9 -15
-12 -12
-14 -10
-16 -8
-19 -7
-22 -6


60 0
59 5
59 10
58 14
56 19
54 24
52 28
49 33
47 37
43 41
40 44
36 47
32 50
27 53
23 55
18 57
13 58
8 59
3 59
-1 59
-6 59
-11 58
-16 57
-20 56
-25 54
-30 51
-34 49
-38 46
-41 42
-45 39
-48 35
-51 31
-53 26
-55 22
-57 17
-58 12
-59 7
-59 2
-59 -2
-59 -7
-58 -12
-57 -17
-55 -22
-53 -26
-51 -31
-48 -35
-45 -39
-41 -42
-38 -46
-34 -49
-29 -51
-25 -54
-20 -56
-16 -57
-11 -58
-6 -59
-1 -59
3 -59
8 -59
13 -58
18 -57
23 -55
27 -53
32 -50
36 -47
40 -44
43 -41
47 -37
49 -33
52 -28
54 -24
56 -19
58 -14
59 -10
59 -5
60 0


14 97
10 98
6 99
1 99
-2 99
-7 99
-11 98
-16 97
-20 95
-24 93
-28 91
-31 88
-35 85
-38 82
-40 78
-43 75
-45 71
-47 66
-48 62
-49 58
-49 53
-49 49
-49 44
-49 40
-48 36
-46 31
-44 27
-42 23
-40 20
-37 16
-34 13
-30 10
-26 7
-23 5
-19 3
-14 2
-10 1
-6 0
-1 0
2 0
7 0
11 1
16 2
20 4
24 6
28 8
31 11
35 14
38 17
40 21
43 24
45 28
47 33
48 37
49 41
49 46
49 50
49 55
49 59
48 63
46 68
44 72
42 76
40 79
37 83
34 86
30 89
26 92
23 94
19 96
14 97


70 0
69 4
69 8
68 13
67 17
66 21
65 25
63 29
61 33
59 37
56 41
53 44
51 47
47 51
44 53
41 56
37 59
33 61
29 63
25 65
21 66
17 67
13 68
8 69
4 69
0 70
-4 69
-8 69
-13 68
-17 67
-21 66
-25 65
-29 63
-33 61
-37 59
-41 56
-44 53
-47 51
-51 47
-53 44
-56 41
-59 37
-61 33
-63 29
-65 25
-66 21
-67 17
-68 13
-69 8
-69 4
-70 0
-69 -4
-69 -8
-68 -13
-67 -17
-66 -21
-65 -25
-63 -29
-61 -33
-59 -37
-56 -41
-53 -44
-51 -47
-47 -51
-44 -53
-41 -56
-37 -59
-33 -61
-29 -63
-25 -65
-21 -66
-17 -67
-13 -68
-8 -69
-4 -69
0 -70
4 -69
8 -69
13 -68
17 -67
21 -66
25 -65
29 -63
33 -61
37 -59
41 -56
44 -53
47 -51
51 -47
53 -44
56 -41
59 -37
61 -33
63 -29
65 -25
66 -21
67 -17
68 -13
69 -8
69 -4
70 0


17 107
13 108
9 109
4 109
0 109
-4 109
-8 109
-12 108
-17 107
-21 106
-25 104
-29 102
-33 99
-36 97
-40 94
-43 91
-46 88
-49 84
-51 80
-53 77
-55 72
-56 68
-58 64
-59 60
-59 55
-59 51
-59 46
-59 42
-58 38
-57 33
-56 29
-54 25
-52 21
-50 17
-48 14
-45 10
-42 7
-38 4
-35 1
-31 0
-28 -3
-24 -4
-19 -6
-15 -7
-11 -8
-6 -9
-2 -9
1 -9
6 -9
10 -9
15 -8
19 -6
23 -5
27 -3
31 -1
35 1
38 3
41 6
44 10
47 13
50 17
52 21
54 24
56 29
57 33
58 37
59 41
59 46
59 50
59 55
59 59
58 63
57 68
55 72
53 76
51 80
49 84
46 87
43 91
40 94
37 97
33 99
29 101
26 104
21 105
17 107


90 0
89 5
89 11
88 16
87 22
85 27
83 33
81 38
78 43
75 48
72 52
69 57
65 61
61 65
57 69
52 72
48 75
43 78
38 81
33 83
27 85
22 87
16 88
11 89
5 89
0 90
-5 89
-11 89
-16 88
-22 87
-27 85
-33 83
-38 81
-43 78
-48 75
-52 72
-57 69
-61 65
-65 61
-69 57
-72 52
-75 48
-78 43
-81 38
-83 33
-85 27
-87 22
-88 16
-89 11
-89 5
-90 0
-89 -5
-89 -11
-88 -16
-87 -22
-85 -27
-83 -33
-81 -38
-78 -43
-75 -48
-72 -52
-69 -57
-65 -61
-61 -65
-57 -69
-52 -72
-48 -75
-43 -78
-38 -81
-33 -83
-27 -85
-22 -87
-16 -88
-11 -89
-5 -89
0 -90
5 -89
11 -89
16 -88
22 -87
27 -85
33 -83
38 -81
43 -78
48 -75
52 -72
57 -69
61 -65
65 -61
69 -57
72 -52
75 -48
78 -43
81 -38
83 -33
85 -27
87 -22
88 -16
89 -11
89 -5
90 0


14 47
11 48
7 49
3 49
0 49
-3 49
-7 49
-10 48
-14 47
-17 46
-21 45
-24 43
-27 41
-30 39
-33 37
-36 34
-38 31
-40 28
-42 25
-44 22
-46 19
-47 15
-48 12
-49 8
-49 4
-49 1
-49 -2
-49 -6
-49 -9
-48 -13
-47 -16
-45 -20
-44 -23
-42 -26
-40 -29
-37 -32
-35 -35
-32 -38
-29 -40
-26 -42
-23 -44
-20 -45
-16 -47
-13 -48
-9 -49
-5 -49
-2 -49
1 -49
5 -49
8 -49
12 -48
16 -47
19 -46
22 -44
26 -42
29 -40
32 -38
34 -35
37 -33
39 -30
41 -27
43 -24
45 -20
46 -17
48 -13
48 -10
49 -6
49 -3
49 0
49 4
49 8
48 11
47 15
46 18
44 22
43 25
41 28
38 31
36 34
33 36
31 39
28 41
24 43
21 45
18 46
14 47


90 0
89 5
89 11
88 16
87 22
85 27
83 33
81 38
78 43
75 48
72 52
69 57
65 61
61 65
57 69
52 72
48 75
43 78
38 81
33 83
27 85
22 87
16 88
11 89
5 89
0 90
-5 89
-11 89
-16 88
-22 87
-27 85
-33 83
-38 81
-43 78
-48 75
-52 72
-57 69
-61 65
-65 61
-69 57
-72 52
-75 48
-78 43
-81 38
-83 33
-85 27
-87 22
-88 16
-89 11
-89 5
-90 0
-89 -5
-89 -11
-88 -16
-87 -22
-85 -27
-83 -33
-81 -38
-78 -43
-75 -48
-72 -52
-69 -57
-65 -61
-61 -65
-57 -69
-52 -72
-48 -75
-43 -78
-38 -81
-33 -83
-27 -85
-22 -87
-16 -88
-11 -89
-5 -89
0 -90
5 -89
11 -89
16 -88
22 -87
27 -85
33 -83
38 -81
43 -78
48 -75
52 -72
57 -69
61 -65
65 -61
69 -57
72 -52
75 -48
78 -43
81 -38
83 -33
85 -27
87 -22
88 -16
89 -11
89 -5
90 0


14 47
11 48
7 49
3 49
0 49
-3 49
-7 49
-10 48
-14 47
-17 46
-21 45
-24 43
-27 41
-30 39
-33 37
-36 34
-38 31
-40 28
-42 25
-44 22
-46 19
-47 15
-48 12
-49 8
-49 4
-49 1
-49 -2
-49 -6
-49 -9
-48 -13
-47 -16
-45 -20
-44 -23
-42 -26
-40 -29
-37 -32
-35 -35
-32 -38
-29 -40
-26 -42
-23 -44
-20 -45
-16 -47
-13 -48
-9 -49
-5 -49
-2 -49
1 -49
5 -49
8 -49
12 -48
16 -47
19 -46
22 -44
26 -42
29 -40
32 -38
34 -35
37 -33
39 -30
41 -27
43 -24
45 -20
46 -17
48 -13
48 -10
49 -6
49 -3
49 0
49 4
49 8
48 11
47 15
46 18
44 22
43 25
41 28
38 31
36 34
33 36
31 39
28 41
24 43
21 45
18 46
14 47


90 0
89 5
89 11
88 16
87 22
85 27
83 33
81 38
78 43
75 48
72 52
69 57
65 61
61 65
57 69
52 72
48 75
43 78
38 81
33 83
27 85
22 87
16 88
11 89
5 89
0 90
-5 89
-11 89
-16 88
-22 87
-27 85
-33 83
-38 81
-43 78
-48 75
-52 72
-57 69
-61 65
-65 61
-69 57
-72 52
-75 48
-78 43
-81 38
-83 33
-85 27
-87 22
-88 16
-89 11
-89 5
-90 0
-89 -5
-89 -11
-88 -16
-87 -22
-85 -27
-83 -33
-81 -38
-78 -43
-75 -48
-72 -52
-69 -57
-65 -61
-61 -65
-57 -69
-52 -72
-48 -75
-43 -78
-38 -81
-33 -83
-27 -85
-22 -87
-16 -88
-11 -89
-5 -89
0 -90
5 -89
11 -89
16 -88
22 -87
27 -85
33 -83
38 -81
43 -78
48 -75
52 -72
57 -69
61 -65
65 -61
69 -57
72 -52
75 -48
78 -43
81 -38
83 -33
85 -27
87 -22
88 -16
89 -11
89 -5
90 0


73 126
68 127
63 128
58 129
53 129
48 129
43 129
38 129
33 128
29 127
24 125
19 123
14 121
10 119
6 116
2 114
-1 110
-5 107
-9 103
-12 100
-15 96
-18 91
-20 87
-22 83
-24 78
-26 73
-27 68
-28 63
-29 58
-29 53
-29 48
-29 43
-29 38
-28 33
-27 29
-25 24
-23 19
-21 14
-19 10
-16 6
-14 2
-10 -1
-7 -5
-3 -9
0 -12
3 -15
8 -18
12 -20
16 -22
21 -24
26 -26
31 -27
36 -28
41 -29
46 -29
51 -29
56 -29
61 -29
66 -28
70 -27
75 -25
80 -23
85 -21
89 -19
93 -16
97 -14
101 -10
105 -7
109 -3
112 0
115 3
118 8
120 12
122 16
124 21
126 26
127 31
128 36
129 41
129 46
129 51
129 56
129 61
128 66
127 70
125 75
123 80
121 85
119 89
116 93
114 97
110 101
107 105
103 109
100 112
96 115
91 118
87 120
83 122
78 124
73 126


120 0
119 5
119 10
119 15
118 20
117 24
116 29
114 34
113 39
111 44
109 48
107 53
105 57
102 62
99 66
97 70
94 74
90 78
87 82
83 85
80 89
76 92
72 95
68 98
64 101
59 103
55 106
51 108
46 110
41 112
37 114
32 115
27 116
22 117
17 118
12 119
7 119
2 119
-2 119
-7 119
-12 119
-17 118
-22 117
-27 116
-32 115
-37 114
-41 112
-46 110
-51 108
-55 106
-60 103
-64 101
-68 98
-72 95
-76 92
-80 89
-83 85
-87 82
-90 78
-94 74
-97 70
-99 66
-102 62
-105 57
-107 53
-109 48
-111 44
-113 39
-114 34
-116 29
-117 24
-118 20
-119 15
-119 10
-119 5
-120 0
-119 -5
-119 -10
-119 -15
-118 -20
-117 -24
-116 -29
-114 -34
-113 -39
-111 -44
-109 -48
-107 -53
-105 -57
-102 -62
-99 -66
-97 -70
-94 -74
-90 -78
-87 -82
-83 -85
-80 -89
-76 -92
-72 -95
-68 -98
-64 -101
-59 -103
-55 -106
-51 -108
-46 -110
-41 -112
-37 -114
-32 -115
-27 -116
-22 -117
-17 -118
-12 -119
-7 -119
-2 -119
2 -119
7 -119
12 -119
17 -118
22 -117
27 -116
32 -115
37 -114
41 -112
46 -110
51 -108
55 -106
59 -103
64 -101
68 -98
72 -95
76 -92
80 -89
83 -85
87 -82
90 -78
94 -74
97 -70
99 -66
102 -62
105 -57
107 -53
109 -48
111 -44
113 -39
114 -34
116 -29
117 -24
118 -20
119 -15
119 -10
119 -5
120 0


129 175
125 176
121 177
117 178
113 179
109 179
104 179
100 179
96 179
92 179
88 179
84 178
79 177
75 177
71 175
67 174
63 173
60 171
56 169
52 167
48 165
45 163
41 161
38 158
35 156
32 153
29 150
26 147
23 144
20 141
18 137
15 134
13 130
11 127
9 123
8 119
6 115
5 111
3 107
2 103
1 99
1 95
0 91
0 87
0 82
0 78
0 74
0 70
0 66
1 62
2 57
3 53
4 49
6 45
7 41
9 38
11 34
13 30
15 27
17 23
19 20
22 16
25 13
28 10
30 7
34 4
37 2
40 0
44 -2
47 -5
51 -7
54 -9
58 -11
62 -12
66 -14
70 -15
74 -16
78 -17
82 -18
86 -19
90 -19
95 -19
99 -19
103 -19
107 -19
111 -19
115 -18
120 -17
124 -17
128 -15
132 -14
136 -13
139 -11
143 -9
147 -7
151 -5
154 -3
158 -1
161 1
164 3
167 6
170 9
173 12
176 15
179 18
181 22
184 25
186 29
188 32
190 36
191 40
193 44
194 48
196 52
197 56
198 60
198 64
199 68
199 72
199 77
199 81
199 85
199 89
199 93
198 97
197 102
196 106
195 110
193 114
192 118
190 121
188 125
186 129
184 132
182 136
180 139
177 143
174 146
171 149
169 152
165 155
162 157
159 160
155 162
152 165
148 167
145 169
141 171
137 172
133 174
129 175


80 0
79 5
79 10
78 14
77 19
76 24
74 29
72 34
70 38
67 42
64 47
61 50
58 54
54 58
50 61
47 64
42 67
38 70
34 72
29 74
24 76
19 77
14 78
10 79
5 79
0 80
-5 79
-10 79
-14 78
-19 77
-24 76
-29 74
-34 72
-38 70
-42 67
-47 64
-50 61
-54 58
-58 54
-61 50
-64 47
-67 42
-70 38
-72 34
-74 29
-76 24
-77 19
-78 14
-79 10
-79 5
-80 0
-79 -5
-79 -10
-78 -14
-77 -19
-76 -24
-74 -29
-72 -34
-70 -38
-67 -42
-64 -47
-61 -50
-58 -54
-54 -58
-50 -61
-47 -64
-42 -67
-38 -70
-34 -72
-29 -74
-24 -76
-19 -77
-14 -78
-10 -79
-5 -79
0 -80
5 -79
10 -79
14 -78
19 -77
24 -76
29 -74
34 -72
38 -70
42 -67
47 -64
50 -61
54 -58
58 -54
61 -50
64 -47
67 -42
70 -38
72 -34
74 -29
76 -24
77 -19
78 -14
79 -10
79 -5
80 0


104 161
100 162
96 163
92 164
88 165
84 165
79 165
75 165
71 165
67 165
63 165
59 164
54 163
50 163
46 161
42 160
38 159
35 157
31 155
27 153
23 151
20 149
16 147
13 144
10 142
7 139
4 136
1 133
-1 130
-4 127
-6 123
-9 120
-11 116
-13 113
-15 109
-16 105
-18 101
-19 97
-21 93
-22 89
-23 85
-23 81
-24 77
-24 73
-24 68
-24 64
-24 60
-24 56
-24 52
-23 48
-22 43
-21 39
-20 35
-18 31
-17 27
-15 24
-13 20
-11 16
-9 13
-7 9
-5 6
-2 2
0 0
3 -3
5 -6
9 -9
12 -11
15 -14
19 -16
22 -19
26 -21
29 -23
33 -25
37 -26
41 -28
45 -29
49 -30
53 -31
57 -32
61 -33
65 -33
70 -33
74 -33
78 -33
82 -33
86 -33
90 -32
95 -31
99 -31
103 -29
107 -28
111 -27
114 -25
118 -23
122 -21
126 -19
129 -17
133 -15
136 -12
139 -10
142 -7
145 -4
148 -1
151 1
154 4
156 8
159 11
161 15
163 18
165 22
166 26
168 30
169 34
171 38
172 42
173 46
173 50
174 54
174 58
174 63
174 67
174 71
174 75
174 79
173 83
172 88
171 92
170 96
168 100
167 104
165 107
163 111
161 115
159 118
157 122
155 125
152 129
149 132
146 135
144 138
140 141
137 143
134 146
130 148
127 151
123 153
120 155
116 157
112 158
108 160
104 161


80 0
79 5
79 10
78 14
77 19
76 24
74 29
72 34
70 38
67 42
64 47
61 50
58 54
54 58
50 61
47 64
42 67
38 70
34 72
29 74
24 76
19 77
14 78
10 79
5 79
0 80
-5 79
-10 79
-14 78
-19 77
-24 76
-29 74
-34 72
-38 70
-42 67
-47 64
-50 61
-54 58
-58 54
-61 50
-64 47
-67 42
-70 38
-72 34
-74 29
-76 24
-77 19
-78 14
-79 10
-79 5
-80 0
-79 -5
-79 -10
-78 -14
-77 -19
-76 -24
-74 -29
-72 -34
-70 -38
-67 -42
-64 -47
-61 -50
-58 -54
-54 -58
-50 -61
-47 -64
-42 -67
-38 -70
-34 -72
-29 -74
-24 -76
-19 -77
-14 -78
-10 -79
-5 -79
0 -80
5 -79
10 -79
14 -78
19 -77
24 -76
29 -74
34 -72
38 -70
42 -67
47 -64
50 -61
54 -58
58 -54
61 -50
64 -47
67 -42
70 -38
72 -34
74 -29
76 -24
77 -19
78 -14
79 -10
79 -5
80 0


104 161
100 162
96 163
92 164
88 165
84 165
79 165
75 165
71 165
67 165
63 165
59 164
54 163
50 163
46 161
42 160
38 159
35 157
31 155
27 153
23 151
20 149
16 147
13 144
10 142
7 139
4 136
1 133
-1 130
-4 127
-6 123
-9 120
-11 116
-13 113
-15 109
-16 105
-18 101
-19 97
-21 93
-22 89
-23 85
-23 81
-24 77
-24 73
-24 68
-24 64
-24 60
-24 56
-24 52
-23 48
-22 43
-21 39
-20 35
-18 31
-17 27
-15 24
-13 20
-11 16
-9 13
-7 9
-5 6
-2 2
0 0
3 -3
5 -6
9 -9
12 -11
15 -14
19 -16
22 -19
26 -21
29 -23
33 -25
37 -26
41 -28
45 -29
49 -30
53 -31
57 -32
61 -33
65 -33
70 -33
74 -33
78 -33
82 -33
86 -33
90 -32
95 -31
99 -31
103 -29
107 -28
111 -27
114 -25
118 -23
122 -21
126 -19
129 -17
133 -15
136 -12
139 -10
142 -7
145 -4
148 -1
151 1
154 4
156 8
159 11
161 15
163 18
165 22
166 26
168 30
169 34
171 38
172 42
173 46
173 50
174 54
174 58
174 63
174 67
174 71
174 75
174 79
173 83
172 88
171 92
170 96
168 100
167 104
165 107
163 111
161 115
159 118
157 122
155 125
152 129
149 132
146 135
144 138
140 141
137 143
134 146
130 148
127 151
123 153
120 155
116 157
112 158
108 160
104 161


