-24.000000 73.000000
-24.000000 73.000000
-24.000000 73.000000
-24 73
-24 68
-24 64
-24 60
-24 56
-24 52
-23 48
-22 43
-21 39
-20 35
-18 31
-17 27
-15 24
-13 20
-11 16
-9 13
-7 9
-5 6
-2 2
0 0
3 -3
5 -6
9 -9
12 -11
15 -14
19 -16
22 -19
26 -21
29 -23
33 -25
37 -26
41 -28
45 -29
49 -30
53 -31
57 -32
61 -33
65 -33
70 -33
72.400000 -33.000000
74 -29
76 -24
77 -19
78 -14
79 -10
79 -5
80 0
79 5
79 10
78 14
77 19
76 24
74 29
72 34
70 38
67 42
64 47
61 50
58 54
54 58
50 61
47 64
42 67
38 70
34 72
29 74
24 76
19 77
14 78
10 79
5 79
0 80
-5 79
-10 79
-14 78
-19 77
-24.000000 73.000000
